5.322098 5.791880 6.438366 5.697968 3.268599 3.566287 5.140333 3.772983
3.237115 3.800203 4.994576 5.015089 2.661729 4.044895 4.471392 5.153125
3.474168 3.189808 4.861459 6.049076 3.717898 4.501317 2.954619 3.146912
3.599120 4.332044 4.099599 2.471762 1.964714 6.421859 6.750965 3.618449
3.356807 5.439451 3.483568 4.584595 4.061080 2.970564 3.987458 3.357677
3.628293 6.272477 3.915955 2.755516 4.369332 3.496224 3.969346 3.916159
3.747313 4.686921 4.058397 2.847399 3.059217 4.938753 3.278119 4.544967
2.410068 4.772414 5.137288 3.163346 4.370307 3.565762 4.100509 4.011740
3.324210 4.183962 4.594932 4.298000 2.592863 5.184201 3.122840 3.579568
4.884100 3.725335 4.737079 3.814775 4.804352 2.895726 4.589246 4.115290
5.031098 4.534993 4.819169 3.500037 4.775987 3.347217 4.543656 4.235126
4.892213 5.946829 5.241781 5.102025 2.950707 3.801103 3.140924 3.020880
5.594703 3.476720 4.565903 4.472780
3.006071 3.186331 4.467318 3.736271 4.960450 4.465091 4.025761 2.195409
5.032070 4.297501 3.978993 4.380544 6.746483 4.236957 4.220202 3.024831
4.639386 4.740907 4.467951 5.461119 3.866975 4.301386 3.970425 2.711884
2.723501 4.202719 3.390113 1.973329 5.076517 4.523787 4.387607 6.215597
3.638070 4.006052 2.618250 5.091658 4.681518 3.736926 3.010689 4.140175
3.142745 2.652128 3.543954 4.079677 2.942477 3.149766 5.525024 4.818551
3.161789 6.148444 4.947695 3.470285 3.614805 5.060617 3.672749 1.323623
4.055040 4.916428 2.546875 3.730871 5.496305 4.252050 4.794283 3.857644
4.727830 3.432129 5.467675 2.626362 5.583866 5.146094 5.423273 3.646731
3.345100 4.096245 2.594146 3.770307 5.064559 4.445367 5.666808 4.024949
3.560218 3.995811 3.396930 5.368665 1.891380 2.347290 2.873673 2.334916
5.292856 3.135867 5.613759 4.989586 3.278053 4.539219 2.212836 4.840049
1.257449 3.045265 5.194351 5.029114